%YAML:1.0
---
K: !!opencv-matrix
   rows: 3
   cols: 3
   dt: d
   data: [ 5.1984891158924279e+02, 0., 3.1689549041183705e+02, 0.,
       5.2029163275447786e+02, 2.4895044787450519e+02, 0., 0., 1. ]
D: !!opencv-matrix
   rows: 1
   cols: 5
   dt: d
   data: [ 2.7856291091936564e-01, -1.2793038532798588e+00,
       7.9199583417360268e-04, 2.2262320891761772e-04,
       2.6436161652492700e+00 ]
