%YAML:1.0
---
K: !!opencv-matrix
   rows: 3
   cols: 3
   dt: d
   data: [ 519.84891159,   0.,   316.89549041, 0., 520.29163275, 248.95044787, 0., 0., 1. ]
D: !!opencv-matrix
   rows: 1
   cols: 5
   dt: d
   data: [ 2.78562911e-01, -1.27930385e+00,  7.91995834e-04,  2.22623209e-04, 2.64361617e+00 ]
